,,Mkt_minus_RF,SMB,HML,RMW,CMA,MOM
1987-01-31,Mkt_minus_RF,,,,,,
1987-01-31,SMB,,,,,,
1987-01-31,HML,,,,,,
1987-01-31,RMW,,,,,,
1987-01-31,CMA,,,,,,
1987-01-31,MOM,,,,,,
1987-02-28,Mkt_minus_RF,,,,,,
1987-02-28,SMB,,,,,,
1987-02-28,HML,,,,,,
1987-02-28,RMW,,,,,,
1987-02-28,CMA,,,,,,
1987-02-28,MOM,,,,,,
1987-03-31,Mkt_minus_RF,,,,,,
1987-03-31,SMB,,,,,,
1987-03-31,HML,,,,,,
1987-03-31,RMW,,,,,,
1987-03-31,CMA,,,,,,
1987-03-31,MOM,,,,,,
1987-04-30,Mkt_minus_RF,,,,,,
1987-04-30,SMB,,,,,,
1987-04-30,HML,,,,,,
1987-04-30,RMW,,,,,,
1987-04-30,CMA,,,,,,
1987-04-30,MOM,,,,,,
1987-05-31,Mkt_minus_RF,,,,,,
1987-05-31,SMB,,,,,,
1987-05-31,HML,,,,,,
1987-05-31,RMW,,,,,,
1987-05-31,CMA,,,,,,
1987-05-31,MOM,,,,,,
1987-06-30,Mkt_minus_RF,,,,,,
1987-06-30,SMB,,,,,,
1987-06-30,HML,,,,,,
1987-06-30,RMW,,,,,,
1987-06-30,CMA,,,,,,
1987-06-30,MOM,,,,,,
1987-07-31,Mkt_minus_RF,,,,,,
1987-07-31,SMB,,,,,,
1987-07-31,HML,,,,,,
1987-07-31,RMW,,,,,,
1987-07-31,CMA,,,,,,
1987-07-31,MOM,,,,,,
1987-08-31,Mkt_minus_RF,,,,,,
1987-08-31,SMB,,,,,,
1987-08-31,HML,,,,,,
1987-08-31,RMW,,,,,,
1987-08-31,CMA,,,,,,
1987-08-31,MOM,,,,,,
1987-09-30,Mkt_minus_RF,,,,,,
1987-09-30,SMB,,,,,,
1987-09-30,HML,,,,,,
1987-09-30,RMW,,,,,,
1987-09-30,CMA,,,,,,
1987-09-30,MOM,,,,,,
1987-10-31,Mkt_minus_RF,,,,,,
1987-10-31,SMB,,,,,,
1987-10-31,HML,,,,,,
1987-10-31,RMW,,,,,,
1987-10-31,CMA,,,,,,
1987-10-31,MOM,,,,,,
1987-11-30,Mkt_minus_RF,,,,,,
1987-11-30,SMB,,,,,,
1987-11-30,HML,,,,,,
1987-11-30,RMW,,,,,,
1987-11-30,CMA,,,,,,
1987-11-30,MOM,,,,,,
1987-12-31,Mkt_minus_RF,,,,,,
1987-12-31,SMB,,,,,,
1987-12-31,HML,,,,,,
1987-12-31,RMW,,,,,,
1987-12-31,CMA,,,,,,
1987-12-31,MOM,,,,,,
1988-01-31,Mkt_minus_RF,,,,,,
1988-01-31,SMB,,,,,,
1988-01-31,HML,,,,,,
1988-01-31,RMW,,,,,,
1988-01-31,CMA,,,,,,
1988-01-31,MOM,,,,,,
1988-02-29,Mkt_minus_RF,,,,,,
1988-02-29,SMB,,,,,,
1988-02-29,HML,,,,,,
1988-02-29,RMW,,,,,,
1988-02-29,CMA,,,,,,
1988-02-29,MOM,,,,,,
1988-03-31,Mkt_minus_RF,,,,,,
1988-03-31,SMB,,,,,,
1988-03-31,HML,,,,,,
1988-03-31,RMW,,,,,,
1988-03-31,CMA,,,,,,
1988-03-31,MOM,,,,,,
1988-04-30,Mkt_minus_RF,,,,,,
1988-04-30,SMB,,,,,,
1988-04-30,HML,,,,,,
1988-04-30,RMW,,,,,,
1988-04-30,CMA,,,,,,
1988-04-30,MOM,,,,,,
1988-05-31,Mkt_minus_RF,,,,,,
1988-05-31,SMB,,,,,,
1988-05-31,HML,,,,,,
1988-05-31,RMW,,,,,,
1988-05-31,CMA,,,,,,
1988-05-31,MOM,,,,,,
1988-06-30,Mkt_minus_RF,,,,,,
1988-06-30,SMB,,,,,,
1988-06-30,HML,,,,,,
1988-06-30,RMW,,,,,,
1988-06-30,CMA,,,,,,
1988-06-30,MOM,,,,,,
1988-07-31,Mkt_minus_RF,,,,,,
1988-07-31,SMB,,,,,,
1988-07-31,HML,,,,,,
1988-07-31,RMW,,,,,,
1988-07-31,CMA,,,,,,
1988-07-31,MOM,,,,,,
1988-08-31,Mkt_minus_RF,,,,,,
1988-08-31,SMB,,,,,,
1988-08-31,HML,,,,,,
1988-08-31,RMW,,,,,,
1988-08-31,CMA,,,,,,
1988-08-31,MOM,,,,,,
1988-09-30,Mkt_minus_RF,,,,,,
1988-09-30,SMB,,,,,,
1988-09-30,HML,,,,,,
1988-09-30,RMW,,,,,,
1988-09-30,CMA,,,,,,
1988-09-30,MOM,,,,,,
1988-10-31,Mkt_minus_RF,,,,,,
1988-10-31,SMB,,,,,,
1988-10-31,HML,,,,,,
1988-10-31,RMW,,,,,,
1988-10-31,CMA,,,,,,
1988-10-31,MOM,,,,,,
1988-11-30,Mkt_minus_RF,,,,,,
1988-11-30,SMB,,,,,,
1988-11-30,HML,,,,,,
1988-11-30,RMW,,,,,,
1988-11-30,CMA,,,,,,
1988-11-30,MOM,,,,,,
1988-12-31,Mkt_minus_RF,,,,,,
1988-12-31,SMB,,,,,,
1988-12-31,HML,,,,,,
1988-12-31,RMW,,,,,,
1988-12-31,CMA,,,,,,
1988-12-31,MOM,,,,,,
1989-01-31,Mkt_minus_RF,,,,,,
1989-01-31,SMB,,,,,,
1989-01-31,HML,,,,,,
1989-01-31,RMW,,,,,,
1989-01-31,CMA,,,,,,
1989-01-31,MOM,,,,,,
1989-02-28,Mkt_minus_RF,,,,,,
1989-02-28,SMB,,,,,,
1989-02-28,HML,,,,,,
1989-02-28,RMW,,,,,,
1989-02-28,CMA,,,,,,
1989-02-28,MOM,,,,,,
1989-03-31,Mkt_minus_RF,,,,,,
1989-03-31,SMB,,,,,,
1989-03-31,HML,,,,,,
1989-03-31,RMW,,,,,,
1989-03-31,CMA,,,,,,
1989-03-31,MOM,,,,,,
1989-04-30,Mkt_minus_RF,,,,,,
1989-04-30,SMB,,,,,,
1989-04-30,HML,,,,,,
1989-04-30,RMW,,,,,,
1989-04-30,CMA,,,,,,
1989-04-30,MOM,,,,,,
1989-05-31,Mkt_minus_RF,,,,,,
1989-05-31,SMB,,,,,,
1989-05-31,HML,,,,,,
1989-05-31,RMW,,,,,,
1989-05-31,CMA,,,,,,
1989-05-31,MOM,,,,,,
1989-06-30,Mkt_minus_RF,,,,,,
1989-06-30,SMB,,,,,,
1989-06-30,HML,,,,,,
1989-06-30,RMW,,,,,,
1989-06-30,CMA,,,,,,
1989-06-30,MOM,,,,,,
1989-07-31,Mkt_minus_RF,,,,,,
1989-07-31,SMB,,,,,,
1989-07-31,HML,,,,,,
1989-07-31,RMW,,,,,,
1989-07-31,CMA,,,,,,
1989-07-31,MOM,,,,,,
1989-08-31,Mkt_minus_RF,,,,,,
1989-08-31,SMB,,,,,,
1989-08-31,HML,,,,,,
1989-08-31,RMW,,,,,,
1989-08-31,CMA,,,,,,
1989-08-31,MOM,,,,,,
1989-09-30,Mkt_minus_RF,,,,,,
1989-09-30,SMB,,,,,,
1989-09-30,HML,,,,,,
1989-09-30,RMW,,,,,,
1989-09-30,CMA,,,,,,
1989-09-30,MOM,,,,,,
1989-10-31,Mkt_minus_RF,,,,,,
1989-10-31,SMB,,,,,,
1989-10-31,HML,,,,,,
1989-10-31,RMW,,,,,,
1989-10-31,CMA,,,,,,
1989-10-31,MOM,,,,,,
1989-11-30,Mkt_minus_RF,,,,,,
1989-11-30,SMB,,,,,,
1989-11-30,HML,,,,,,
1989-11-30,RMW,,,,,,
1989-11-30,CMA,,,,,,
1989-11-30,MOM,,,,,,
1989-12-31,Mkt_minus_RF,,,,,,
1989-12-31,SMB,,,,,,
1989-12-31,HML,,,,,,
1989-12-31,RMW,,,,,,
1989-12-31,CMA,,,,,,
1989-12-31,MOM,,,,,,
1990-01-31,Mkt_minus_RF,,,,,,
1990-01-31,SMB,,,,,,
1990-01-31,HML,,,,,,
1990-01-31,RMW,,,,,,
1990-01-31,CMA,,,,,,
1990-01-31,MOM,,,,,,
1990-02-28,Mkt_minus_RF,,,,,,
1990-02-28,SMB,,,,,,
1990-02-28,HML,,,,,,
1990-02-28,RMW,,,,,,
1990-02-28,CMA,,,,,,
1990-02-28,MOM,,,,,,
1990-03-31,Mkt_minus_RF,,,,,,
1990-03-31,SMB,,,,,,
1990-03-31,HML,,,,,,
1990-03-31,RMW,,,,,,
1990-03-31,CMA,,,,,,
1990-03-31,MOM,,,,,,
1990-04-30,Mkt_minus_RF,,,,,,
1990-04-30,SMB,,,,,,
1990-04-30,HML,,,,,,
1990-04-30,RMW,,,,,,
1990-04-30,CMA,,,,,,
1990-04-30,MOM,,,,,,
1990-05-31,Mkt_minus_RF,,,,,,
1990-05-31,SMB,,,,,,
1990-05-31,HML,,,,,,
1990-05-31,RMW,,,,,,
1990-05-31,CMA,,,,,,
1990-05-31,MOM,,,,,,
1990-06-30,Mkt_minus_RF,,,,,,
1990-06-30,SMB,,,,,,
1990-06-30,HML,,,,,,
1990-06-30,RMW,,,,,,
1990-06-30,CMA,,,,,,
1990-06-30,MOM,,,,,,
1990-07-31,Mkt_minus_RF,,,,,,
1990-07-31,SMB,,,,,,
1990-07-31,HML,,,,,,
1990-07-31,RMW,,,,,,
1990-07-31,CMA,,,,,,
1990-07-31,MOM,,,,,,
1990-08-31,Mkt_minus_RF,,,,,,
1990-08-31,SMB,,,,,,
1990-08-31,HML,,,,,,
1990-08-31,RMW,,,,,,
1990-08-31,CMA,,,,,,
1990-08-31,MOM,,,,,,
1990-09-30,Mkt_minus_RF,,,,,,
1990-09-30,SMB,,,,,,
1990-09-30,HML,,,,,,
1990-09-30,RMW,,,,,,
1990-09-30,CMA,,,,,,
1990-09-30,MOM,,,,,,
1990-10-31,Mkt_minus_RF,,,,,,
1990-10-31,SMB,,,,,,
1990-10-31,HML,,,,,,
1990-10-31,RMW,,,,,,
1990-10-31,CMA,,,,,,
1990-10-31,MOM,,,,,,
1990-11-30,Mkt_minus_RF,,,,,,
1990-11-30,SMB,,,,,,
1990-11-30,HML,,,,,,
1990-11-30,RMW,,,,,,
1990-11-30,CMA,,,,,,
1990-11-30,MOM,,,,,,
1990-12-31,Mkt_minus_RF,,,,,,
1990-12-31,SMB,,,,,,
1990-12-31,HML,,,,,,
1990-12-31,RMW,,,,,,
1990-12-31,CMA,,,,,,
1990-12-31,MOM,,,,,,
1991-01-31,Mkt_minus_RF,,,,,,
1991-01-31,SMB,,,,,,
1991-01-31,HML,,,,,,
1991-01-31,RMW,,,,,,
1991-01-31,CMA,,,,,,
1991-01-31,MOM,,,,,,
1991-02-28,Mkt_minus_RF,,,,,,
1991-02-28,SMB,,,,,,
1991-02-28,HML,,,,,,
1991-02-28,RMW,,,,,,
1991-02-28,CMA,,,,,,
1991-02-28,MOM,,,,,,
1991-03-31,Mkt_minus_RF,,,,,,
1991-03-31,SMB,,,,,,
1991-03-31,HML,,,,,,
1991-03-31,RMW,,,,,,
1991-03-31,CMA,,,,,,
1991-03-31,MOM,,,,,,
1991-04-30,Mkt_minus_RF,,,,,,
1991-04-30,SMB,,,,,,
1991-04-30,HML,,,,,,
1991-04-30,RMW,,,,,,
1991-04-30,CMA,,,,,,
1991-04-30,MOM,,,,,,
1991-05-31,Mkt_minus_RF,,,,,,
1991-05-31,SMB,,,,,,
1991-05-31,HML,,,,,,
1991-05-31,RMW,,,,,,
1991-05-31,CMA,,,,,,
1991-05-31,MOM,,,,,,
1991-06-30,Mkt_minus_RF,,,,,,
1991-06-30,SMB,,,,,,
1991-06-30,HML,,,,,,
1991-06-30,RMW,,,,,,
1991-06-30,CMA,,,,,,
1991-06-30,MOM,,,,,,
1991-07-31,Mkt_minus_RF,,,,,,
1991-07-31,SMB,,,,,,
1991-07-31,HML,,,,,,
1991-07-31,RMW,,,,,,
1991-07-31,CMA,,,,,,
1991-07-31,MOM,,,,,,
1991-08-31,Mkt_minus_RF,,,,,,
1991-08-31,SMB,,,,,,
1991-08-31,HML,,,,,,
1991-08-31,RMW,,,,,,
1991-08-31,CMA,,,,,,
1991-08-31,MOM,,,,,,
1991-09-30,Mkt_minus_RF,,,,,,
1991-09-30,SMB,,,,,,
1991-09-30,HML,,,,,,
1991-09-30,RMW,,,,,,
1991-09-30,CMA,,,,,,
1991-09-30,MOM,,,,,,
1991-10-31,Mkt_minus_RF,,,,,,
1991-10-31,SMB,,,,,,
1991-10-31,HML,,,,,,
1991-10-31,RMW,,,,,,
1991-10-31,CMA,,,,,,
1991-10-31,MOM,,,,,,
1991-11-30,Mkt_minus_RF,,,,,,
1991-11-30,SMB,,,,,,
1991-11-30,HML,,,,,,
1991-11-30,RMW,,,,,,
1991-11-30,CMA,,,,,,
1991-11-30,MOM,,,,,,
1991-12-31,Mkt_minus_RF,29.138655480225985,3.9684116949152544,-6.386585254237288,1.5708581355932203,-5.555425649717515,3.39125231638418
1991-12-31,SMB,3.9684116949152544,6.099480762711864,-1.1043365254237287,-0.7944651694915255,-1.254534406779661,-1.7892954237288135
1991-12-31,HML,-6.386585254237288,-1.1043365254237287,4.310984491525423,-0.9906455084745762,2.6764611864406778,-2.1712422033898306
1991-12-31,RMW,1.5708581355932203,-0.7944651694915255,-0.9906455084745762,1.6574251694915254,-0.9919459322033898,0.774618474576271
1991-12-31,CMA,-5.555425649717515,-1.254534406779661,2.6764611864406778,-0.9919459322033898,3.280881242937853,0.6136812429378533
1991-12-31,MOM,3.39125231638418,-1.7892954237288135,-2.1712422033898306,0.774618474576271,0.6136812429378533,9.96477276836158
1992-01-31,Mkt_minus_RF,26.782911864406778,4.046016949152542,-5.90123220338983,1.6682542372881357,-5.384410169491525,3.1768372881355926
1992-01-31,SMB,4.046016949152542,7.559278276836158,-0.38426384180790973,-1.0861653672316383,-0.7980156497175142,-2.279828163841808
1992-01-31,HML,-5.90123220338983,-0.38426384180790973,4.581476836158192,-1.1559214689265536,2.8738468926553673,-2.377526553672316
1992-01-31,RMW,1.6682542372881357,-1.0861653672316383,-1.1559214689265536,1.7103117514124297,-1.0901893785310734,0.8816485310734464
1992-01-31,CMA,-5.384410169491525,-0.7980156497175142,2.8738468926553673,-1.0901893785310734,3.4145219209039546,0.4719897740112996
1992-01-31,MOM,3.1768372881355926,-2.279828163841808,-2.377526553672316,0.8816485310734464,0.4719897740112996,10.114574548022599
1992-02-29,Mkt_minus_RF,26.53037796610169,3.827537288135593,-5.447125423728813,1.745513559322034,-5.1724499999999995,3.3515974576271175
1992-02-29,SMB,3.827537288135593,7.384550395480226,0.12594610169491527,-1.0224116384180792,-0.5767711299435029,-2.142172259887006
1992-02-29,HML,-5.447125423728813,0.12594610169491527,4.72842813559322,-1.320199322033898,2.803644237288136,-2.802945593220339
1992-02-29,RMW,1.745513559322034,-1.0224116384180792,-1.320199322033898,1.6873422598870056,-1.1632165536723165,0.8311077401129942
1992-02-29,CMA,-5.1724499999999995,-0.5767711299435029,2.803644237288136,-1.1632165536723165,3.3369630225988702,0.2894330790960454
1992-02-29,MOM,3.3515974576271175,-2.142172259887006,-2.802945593220339,0.8311077401129942,0.2894330790960454,10.006461327683617
1992-03-31,Mkt_minus_RF,26.66581581920904,3.859171186440678,-5.66264406779661,1.7515836158192089,-5.341014124293785,3.3878999999999992
1992-03-31,SMB,3.859171186440678,7.391629237288136,0.06823771186440679,-1.0227673728813562,-0.6275033898305085,-2.134924576271187
1992-03-31,HML,-5.66264406779661,0.06823771186440679,4.896045508474576,-1.3720487288135592,2.8016030508474583,-2.890007288135593
1992-03-31,RMW,1.7515836158192089,-1.0227673728813562,-1.3720487288135592,1.6774620056497171,-1.2358073446327682,0.8256855932203391
1992-03-31,CMA,-5.341014124293785,-0.6275033898305085,2.8016030508474583,-1.2358073446327682,3.1301317514124287,0.19909423728813586
1992-03-31,MOM,3.3878999999999992,-2.134924576271187,-2.890007288135593,0.8256855932203391,0.19909423728813586,10.011297288135593
1992-04-30,Mkt_minus_RF,26.565582937853108,3.7402474011299436,-5.636394011299435,1.7242877401129943,-5.2847190960451975,3.3292076836158184
1992-04-30,SMB,3.7402474011299436,7.87430675141243,-0.3380258192090395,-1.1584747740112995,-0.793931581920904,-1.8379783615819207
1992-04-30,HML,-5.636394011299435,-0.3380258192090395,5.195892768361583,-1.2924485310734461,2.9504002259887,-3.131693672316384
1992-04-30,RMW,1.7242877401129943,-1.1584747740112995,-1.2924485310734461,1.687142683615819,-1.1818464971751412,0.7489819774011298
1992-04-30,CMA,-5.2847190960451975,-0.793931581920904,2.9504002259887,-1.1818464971751412,3.185711751412429,0.09499853107344651
1992-04-30,MOM,3.3292076836158184,-1.8379783615819207,-3.131693672316384,0.7489819774011298,0.09499853107344651,10.192363954802259
1992-05-31,Mkt_minus_RF,26.56408279661017,3.7373699999999994,-5.638387966101696,1.7278133050847455,-5.280325762711864,3.322310254237288
1992-05-31,SMB,3.7373699999999994,7.875622711864406,-0.32992745762711867,-1.168792711864407,-0.7872501694915255,-1.849920508474576
1992-05-31,HML,-5.638387966101696,-0.32992745762711867,5.214040564971751,-1.3175568926553671,2.9531951412429374,-3.138615310734463
1992-05-31,RMW,1.7278133050847455,-1.168792711864407,-1.3175568926553671,1.7215392937853107,-1.1878099435028249,0.7619740960451976
1992-05-31,CMA,-5.280325762711864,-0.7872501694915255,2.9531951412429374,-1.1878099435028249,3.1732910734463275,0.11486960451977421
1992-05-31,MOM,3.322310254237288,-1.849920508474576,-3.138615310734463,0.7619740960451976,0.11486960451977421,10.160893192090395
1992-06-30,Mkt_minus_RF,26.476198276836158,3.9728681920903957,-5.831759830508474,1.6754667231638416,-5.350903870056497,3.4405363841807897
1992-06-30,SMB,3.9728681920903957,7.915224971751412,-0.4309877966101695,-1.1054748022598873,-0.7996661581920904,-1.8273737853107344
1992-06-30,HML,-5.831759830508474,-0.4309877966101695,5.360309491525425,-1.3616837288135593,2.9839879661016946,-3.1918111864406775
1992-06-30,RMW,1.6754667231638416,-1.1054748022598873,-1.3616837288135593,1.6991897175141244,-1.2067233333333331,0.7934554802259888
1992-06-30,CMA,-5.350903870056497,-0.7996661581920904,2.9839879661016946,-1.2067233333333331,3.177176581920904,0.10783548022598893
1992-06-30,MOM,3.4405363841807897,-1.8273737853107344,-3.1918111864406775,0.7934554802259888,0.10783548022598893,10.173560903954801
1992-07-31,Mkt_minus_RF,26.46677228813559,4.004393050847458,-5.904639491525424,1.7881312711864403,-5.499524322033897,3.3702522033898292
1992-07-31,SMB,4.004393050847458,7.903649830508475,-0.4183030508474576,-1.1276547457627117,-0.7705713559322035,-1.8018155932203388
1992-07-31,HML,-5.904639491525424,-0.4183030508474576,5.3656337853107345,-1.3635862711864406,2.986900621468927,-3.2194801129943498
1992-07-31,RMW,1.7881312711864403,-1.1276547457627117,-1.3635862711864406,1.6924183898305083,-1.1984094067796607,0.8419667796610169
1992-07-31,CMA,-5.499524322033897,-0.7705713559322035,2.986900621468927,-1.1984094067796607,3.167025395480226,0.044207570621469065
1992-07-31,MOM,3.3702522033898292,-1.8018155932203388,-3.2194801129943498,0.8419667796610169,0.044207570621469065,10.117133785310735
1992-08-31,Mkt_minus_RF,26.40963895480226,4.053444124293785,-5.7864709322033905,1.5562155084745763,-5.315734661016948,3.510271836158191
1992-08-31,SMB,4.053444124293785,7.895447344632769,-0.42744966101694915,-1.1197479661016951,-0.7864713559322033,-1.8167674011299433
1992-08-31,HML,-5.7864709322033905,-0.42744966101694915,5.37249093220339,-1.404385338983051,2.9930085593220337,-3.222553305084746
1992-08-31,RMW,1.5562155084745763,-1.1197479661016951,-1.404385338983051,1.8291248305084744,-1.2524253389830509,0.8168195762711864
1992-08-31,CMA,-5.315734661016948,-0.7864713559322033,2.9930085593220337,-1.2524253389830509,3.1695200847457623,0.03423110169491542
1992-08-31,MOM,3.510271836158191,-1.8167674011299433,-3.222553305084746,0.8168195762711864,0.03423110169491542,10.100722344632768
1992-09-30,Mkt_minus_RF,26.285774548022598,4.092777062146893,-5.788299774011299,1.5019045762711862,-5.246535,3.5255652259886996
1992-09-30,SMB,4.092777062146893,7.897615141242937,-0.43347242937853103,-1.0917637288135593,-0.8123708474576271,-1.8082466666666668
1992-09-30,HML,-5.788299774011299,-0.43347242937853103,5.375438870056496,-1.410024745762712,2.9957986440677966,-3.228354011299435
1992-09-30,RMW,1.5019045762711862,-1.0917637288135593,-1.410024745762712,1.8131772881355932,-1.224958813559322,0.833324915254237
1992-09-30,CMA,-5.246535,-0.8123708474576271,2.9957986440677966,-1.224958813559322,3.131911271186441,0.022104830508474782
1992-09-30,MOM,3.5255652259886996,-1.8082466666666668,-3.228354011299435,0.833324915254237,0.022104830508474782,10.11104234463277
1992-10-31,Mkt_minus_RF,16.73775127118644,0.9148703389830508,-4.14605,2.1156127118644066,-4.370487288135593,0.05603855932203346
1992-10-31,SMB,0.9148703389830508,6.9091083615819215,0.04452338983050859,-0.862057175141243,-0.5510868926553671,-2.911940847457627
1992-10-31,HML,-4.14605,0.04452338983050859,5.16097186440678,-1.5408020338983048,2.87514779661017,-2.6822327118644065
1992-10-31,RMW,2.1156127118644066,-0.862057175141243,-1.5408020338983048,1.7830846327683614,-1.2924049717514123,1.0751116949152542
1992-10-31,CMA,-4.370487288135593,-0.5510868926553671,2.87514779661017,-1.2924049717514123,3.064793107344633,0.31807983050847477
1992-10-31,MOM,0.05603855932203346,-2.911940847457627,-2.6822327118644065,1.0751116949152542,0.31807983050847477,8.888001440677964
1992-11-30,Mkt_minus_RF,15.680197598870057,1.5573588983050848,-3.798699435028248,1.6964833333333331,-4.381039406779661,-0.30271906779661056
1992-11-30,SMB,1.5573588983050848,7.0356807627118645,-0.19082305084745751,-0.8258910169491526,-0.6930904237288136,-2.881428389830509
1992-11-30,HML,-3.798699435028248,-0.19082305084745751,5.048030056497175,-1.3928602259887006,2.885597288135593,-2.5555796610169494
1992-11-30,RMW,1.6964833333333331,-0.8258910169491526,-1.3928602259887006,1.7093083615819207,-1.2338605084745762,1.01215
1992-11-30,CMA,-4.381039406779661,-0.6930904237288136,2.885597288135593,-1.2338605084745762,3.1073011016949152,0.36831906779661033
1992-11-30,MOM,-0.30271906779661056,-2.881428389830509,-2.5555796610169494,1.01215,0.36831906779661033,8.83426991525424
1992-12-31,Mkt_minus_RF,15.087196920903953,1.569757033898305,-3.317511214689265,1.4384275141242937,-4.117818333333334,-0.7662305932203394
1992-12-31,SMB,1.569757033898305,7.083896355932204,-0.11207889830508462,-0.8571761016949152,-0.6691700847457627,-2.789307542372881
1992-12-31,HML,-3.317511214689265,-0.11207889830508462,4.82025929378531,-1.2506592655367232,2.7259108192090395,-2.0284553389830506
1992-12-31,RMW,1.4384275141242937,-0.8571761016949152,-1.2506592655367232,1.624765988700565,-1.1415792655367232,0.7480699999999998
1992-12-31,CMA,-4.117818333333334,-0.6691700847457627,2.7259108192090395,-1.1415792655367232,3.0083223446327687,0.624096525423729
1992-12-31,MOM,-0.7662305932203394,-2.789307542372881,-2.0284553389830506,0.7480699999999998,0.624096525423729,8.612141779661018
1993-01-31,Mkt_minus_RF,14.888784717514124,1.6055216666666667,-3.587385480225988,1.5268019209039545,-4.226575564971752,-0.27985519774011336
1993-01-31,SMB,1.6055216666666667,7.140485056497175,0.12039045197740124,-0.946785197740113,-0.5616704802259886,-2.739585367231639
1993-01-31,HML,-3.587385480225988,0.12039045197740124,4.989248700564973,-1.3453178531073449,2.834303107344633,-0.9662368361581922
1993-01-31,RMW,1.5268019209039545,-0.946785197740113,-1.3453178531073449,1.671523615819209,-1.1958751412429378,0.370841581920904
1993-01-31,CMA,-4.226575564971752,-0.5616704802259886,2.834303107344633,-1.1958751412429378,3.0712687853107346,1.0822765536723165
1993-01-31,MOM,-0.27985519774011336,-2.739585367231639,-0.9662368361581922,0.370841581920904,1.0822765536723165,7.719336836158193
1993-02-28,Mkt_minus_RF,14.619551525423729,1.4129813559322035,-3.5208977966101687,1.4604576271186438,-4.253711694915254,-0.12376220338983081
1993-02-28,SMB,1.4129813559322035,7.153049717514124,-0.1355689265536722,-0.9577802259887006,-0.78119604519774,-2.711610169491525
1993-02-28,HML,-3.5208977966101687,-0.1355689265536722,5.585885056497175,-1.402560734463277,3.2452259039548026,-0.8358121186440678
1993-02-28,RMW,1.4604576271186438,-0.9577802259887006,-1.402560734463277,1.6640175141242934,-1.2511081920903957,0.3890127118644068
1993-02-28,CMA,-4.253711694915254,-0.78119604519774,3.2452259039548026,-1.2511081920903957,3.335059293785311,1.2094219491525426
1993-02-28,MOM,-0.12376220338983081,-2.711610169491525,-0.8358121186440678,0.3890127118644068,1.2094219491525426,7.6754116101694905
1993-03-31,Mkt_minus_RF,14.510478276836157,1.7411731073446328,-3.4725575141242935,1.4094977401129944,-4.154463192090395,-0.08589000000000044
1993-03-31,SMB,1.7411731073446328,6.466470734463277,-0.1828883615819208,-0.885125988700565,-0.950654124293785,-2.637782711864407
1993-03-31,HML,-3.4725575141242935,-0.1828883615819208,5.596462598870056,-1.4062858757062144,3.243363615819209,-0.7913600000000001
1993-03-31,RMW,1.4094977401129944,-0.885125988700565,-1.4062858757062144,1.6618395480225987,-1.2393706214689266,0.3563610169491525
1993-03-31,CMA,-4.154463192090395,-0.950654124293785,3.243363615819209,-1.2393706214689266,3.300198276836158,1.2555672881355935
1993-03-31,MOM,-0.08589000000000044,-2.637782711864407,-0.7913600000000001,0.3563610169491525,1.2555672881355935,7.779441694915254
1993-04-30,Mkt_minus_RF,14.751807796610168,1.787487966101695,-3.6105810169491526,1.665424915254237,-4.2254194915254235,-0.030969830508474846
1993-04-30,SMB,1.787487966101695,6.443230819209039,-0.23973677966101684,-0.825805,-1.0033331920903954,-2.6525725423728814
1993-04-30,HML,-3.6105810169491526,-0.23973677966101684,5.646714237288136,-1.5430154237288134,3.247034745762712,-0.8467057627118644
1993-04-30,RMW,1.665424915254237,-0.825805,-1.5430154237288134,1.930006186440678,-1.3022122881355933,0.42264847457627114
1993-04-30,CMA,-4.2254194915254235,-1.0033331920903954,3.247034745762712,-1.3022122881355933,3.273570480225989,1.2086237288135595
1993-04-30,MOM,-0.030969830508474846,-2.6525725423728814,-0.8467057627118644,0.42264847457627114,1.2086237288135595,7.771970169491527
1993-05-31,Mkt_minus_RF,14.813952542372883,1.8222101694915251,-3.707008474576271,1.6271966101694912,-4.267610169491526,-0.075269491525424
1993-05-31,SMB,1.8222101694915251,6.4183858474576265,-0.27867881355932195,-0.8896443220338984,-1.039915593220339,-2.7079427966101695
1993-05-31,HML,-3.707008474576271,-0.27867881355932195,5.791295480225989,-1.4693590395480225,3.316891525423729,-0.7676324858757062
1993-05-31,RMW,1.6271966101694912,-0.8896443220338984,-1.4693590395480225,1.9127372598870054,-1.2887488135593221,0.4205024011299434
1993-05-31,CMA,-4.267610169491526,-1.039915593220339,3.316891525423729,-1.2887488135593221,3.298389152542373,1.2296966101694913
1993-05-31,MOM,-0.075269491525424,-2.7079427966101695,-0.7676324858757062,0.4205024011299434,1.2296966101694913,7.782360310734464
1993-06-30,Mkt_minus_RF,14.534927005649717,1.661009265536723,-3.6237646327683612,1.5605077966101695,-4.027321807909604,0.18967242937853077
1993-06-30,SMB,1.661009265536723,6.32958768361582,-0.20999418079096036,-0.9384105084745764,-0.8954914124293785,-2.52984175141243
1993-06-30,HML,-3.6237646327683612,-0.20999418079096036,5.864344039548023,-1.4981293220338983,3.271836892655367,-0.7276657344632769
1993-06-30,RMW,1.5605077966101695,-0.9384105084745764,-1.4981293220338983,1.9209942372881357,-1.2445596610169487,0.4246557627118643
1993-06-30,CMA,-4.027321807909604,-0.8954914124293785,3.271836892655367,-1.2445596610169487,3.098706327683616,1.033917005649718
1993-06-30,MOM,0.18967242937853077,-2.52984175141243,-0.7276657344632769,0.4246557627118643,1.033917005649718,7.675485056497175
1993-07-31,Mkt_minus_RF,14.489337033898304,1.6400133898305085,-3.604355254237288,1.5685870338983052,-4.017077966101694,0.13623110169491495
1993-07-31,SMB,1.6400133898305085,6.35014,-0.15955491525423718,-0.9807306779661016,-0.8604067796610169,-2.49599
1993-07-31,HML,-3.604355254237288,-0.15955491525423718,5.913069378531073,-1.5647925423728815,3.3091757062146896,-0.6246315254237287
1993-07-31,RMW,1.5685870338983052,-0.9807306779661016,-1.5647925423728815,1.9897031355932202,-1.292637288135593,0.34506076271186437
1993-07-31,CMA,-4.017077966101694,-0.8604067796610169,3.3091757062146896,-1.292637288135593,3.1269175141242935,1.1046694915254238
1993-07-31,MOM,0.13623110169491495,-2.49599,-0.6246315254237287,0.34506076271186437,1.1046694915254238,7.725937033898304
1993-08-31,Mkt_minus_RF,14.358693644067795,1.659853813559322,-3.4786923728813557,1.395681779661017,-3.9263610169491527,0.13212161016949128
1993-08-31,SMB,1.659853813559322,6.3509196327683615,-0.16363305084745752,-0.9862156779661018,-0.8644344632768362,-2.48877302259887
1993-08-31,HML,-3.4786923728813557,-0.16363305084745752,5.851567796610169,-1.5240720338983054,3.2604898305084746,-0.5945940677966103
1993-08-31,RMW,1.395681779661017,-0.9862156779661018,-1.5240720338983054,2.0265451694915253,-1.2541711864406777,0.2844422881355932
1993-08-31,CMA,-3.9263610169491527,-0.8644344632768362,3.2604898305084746,-1.2541711864406777,3.088985310734463,1.1244700564971755
1993-08-31,MOM,0.13212161016949128,-2.48877302259887,-0.5945940677966103,0.2844422881355932,1.1244700564971755,7.737268107344634
1993-09-30,Mkt_minus_RF,14.264672627118644,1.6664907627118644,-3.428667288135593,1.3348399152542372,-3.8846953389830507,0.15036838983050776
1993-09-30,SMB,1.6664907627118644,6.485484152542373,-0.21261881355932194,-0.9590853389830508,-0.902482627118644,-2.4097948305084747
1993-09-30,HML,-3.428667288135593,-0.21261881355932194,5.84025209039548,-1.499387175141243,3.2501387005649716,-0.6313215254237289
1993-09-30,RMW,1.3348399152542372,-0.9590853389830508,-1.499387175141243,1.9910355649717513,-1.2331459039548025,0.309823813559322
1993-09-30,CMA,-3.8846953389830507,-0.902482627118644,3.2501387005649716,-1.2331459039548025,3.0796484463276834,1.0955156779661017
1993-09-30,MOM,0.15036838983050776,-2.4097948305084747,-0.6313215254237289,0.309823813559322,1.0955156779661017,7.781438728813559
1993-10-31,Mkt_minus_RF,14.269320310734464,1.7075385028248586,-3.4740699717514123,1.3311484745762712,-3.885948531073446,0.10497423728813521
1993-10-31,SMB,1.7075385028248586,6.403149463276836,-0.2165996892655366,-0.900135254237288,-0.8506097740112993,-2.5465311864406774
1993-10-31,HML,-3.4740699717514123,-0.2165996892655366,5.929481666666668,-1.5450301694915256,3.206210564971751,-0.4236328813559322
1993-10-31,RMW,1.3311484745762712,-0.900135254237288,-1.5450301694915256,1.9751261016949153,-1.2451037288135591,0.29151050847457616
1993-10-31,CMA,-3.885948531073446,-0.8506097740112993,3.206210564971751,-1.2451037288135591,3.0710812429378533,1.070378644067797
1993-10-31,MOM,0.10497423728813521,-2.5465311864406774,-0.4236328813559322,0.29151050847457616,1.070378644067797,8.067924745762712
1993-11-30,Mkt_minus_RF,14.230701101694915,1.6791921186440677,-3.3689198305084744,1.2145100847457628,-3.761433728813559,0.3258539830508469
1993-11-30,SMB,1.6791921186440677,6.384145169491526,-0.16154457627118632,-0.9585965254237289,-0.7857086440677966,-2.442428559322033
1993-11-30,HML,-3.3689198305084744,-0.16154457627118632,5.914850734463276,-1.560835197740113,3.192483389830509,-0.31258525423728817
1993-11-30,RMW,1.2145100847457628,-0.9585965254237289,-1.560835197740113,2.031969802259887,-1.2682350847457629,0.0843195762711864
1993-11-30,CMA,-3.761433728813559,-0.7857086440677966,3.192483389830509,-1.2682350847457629,3.059134576271186,1.2113133898305086
1993-11-30,MOM,0.3258539830508469,-2.442428559322033,-0.31258525423728817,0.0843195762711864,1.2113133898305086,8.673016355932205
1993-12-31,Mkt_minus_RF,14.23507895480226,1.6754341807909605,-3.3436399717514123,1.222548870056497,-3.762354519774011,0.35180564971751405
1993-12-31,SMB,1.6754341807909605,6.349166666666667,-0.09545790960451965,-0.951254802259887,-0.7789649717514125,-2.390219209039548
1993-12-31,HML,-3.3436399717514123,-0.09545790960451965,5.8591101412429385,-1.5471414124293785,3.173486723163842,-0.33388395480225996
1993-12-31,RMW,1.222548870056497,-0.951254802259887,-1.5471414124293785,2.0414215819209036,-1.2721451977401128,0.10420531073446322
1993-12-31,CMA,-3.762354519774011,-0.7789649717514125,3.173486723163842,-1.2721451977401128,3.0584005649717514,1.19424802259887
1993-12-31,MOM,0.35180564971751405,-2.390219209039548,-0.33388395480225996,0.10420531073446322,1.19424802259887,8.68163209039548
1994-01-31,Mkt_minus_RF,13.824732090395479,1.884713276836158,-3.34815220338983,1.266944463276836,-3.712853615819209,0.43784666666666644
1994-01-31,SMB,1.884713276836158,6.256719632768361,-0.0792771186440677,-0.9990108757062147,-0.7828679378531074,-2.4463621468926546
1994-01-31,HML,-3.34815220338983,-0.0792771186440677,5.872544745762712,-1.5710520338983052,3.19476593220339,-0.3448501694915254
1994-01-31,RMW,1.266944463276836,-0.9990108757062147,-1.5710520338983052,2.0807664124293788,-1.3150191242937852,0.11645107344632769
1994-01-31,CMA,-3.712853615819209,-0.7828679378531074,3.19476593220339,-1.3150191242937852,3.084313531073446,1.1655509604519776
1994-01-31,MOM,0.43784666666666644,-2.4463621468926546,-0.3448501694915254,0.11645107344632769,1.1655509604519776,8.674114802259886
1994-02-28,Mkt_minus_RF,13.856337175141244,1.873373672316384,-3.2117827118644064,1.106937627118644,-3.565981807909605,0.51063615819209
1994-02-28,SMB,1.873373672316384,6.253133870056498,-0.19330025423728803,-0.8642905084745762,-0.9089705649717515,-2.503537429378531
1994-02-28,HML,-3.2117827118644064,-0.19330025423728803,5.907358728813559,-1.6039637288135593,3.204212372881356,-0.2949165254237288
1994-02-28,RMW,1.106937627118644,-0.8642905084745762,-1.6039637288135593,2.1099566101694913,-1.3171528813559323,0.06164915254237295
1994-02-28,CMA,-3.565981807909605,-0.9089705649717515,3.204212372881356,-1.3171528813559323,3.0628575141242935,1.2059471751412432
1994-02-28,MOM,0.51063615819209,-2.503537429378531,-0.2949165254237288,0.06164915254237295,1.2059471751412432,8.715726412429378
1994-03-31,Mkt_minus_RF,14.3422556779661,1.9618744915254238,-3.354669406779661,1.083454915254237,-3.6777072881355934,0.7070861864406772
1994-03-31,SMB,1.9618744915254238,6.265426525423729,-0.22507737288135582,-0.8663054237288137,-0.9354306779661016,-2.48278313559322
1994-03-31,HML,-3.354669406779661,-0.22507737288135582,5.940724830508475,-1.5936572881355933,3.2278764406779663,-0.375276186440678
1994-03-31,RMW,1.083454915254237,-0.8663054237288137,-1.5936572881355933,2.109754124293785,-1.308140451977401,0.06103853107344616
1994-03-31,CMA,-3.6777072881355934,-0.9354306779661016,3.2278764406779663,-1.308140451977401,3.0787842937853105,1.13677802259887
1994-03-31,MOM,0.7070861864406772,-2.48278313559322,-0.375276186440678,0.06103853107344616,1.13677802259887,8.736142683615817
1994-04-30,Mkt_minus_RF,14.102727005649717,2.0105985310734464,-3.251184971751412,1.064190734463277,-3.628171299435028,0.6688992090395476
1994-04-30,SMB,2.0105985310734464,6.272518192090396,-0.2724080225988699,-0.8738136723163842,-0.961682824858757,-2.461061129943502
1994-04-30,HML,-3.251184971751412,-0.2724080225988699,5.936635564971751,-1.5676727683615819,3.2314768926553668,-0.3803460734463277
1994-04-30,RMW,1.064190734463277,-0.8738136723163842,-1.5676727683615819,2.115884293785311,-1.293285536723164,0.048589378531073577
1994-04-30,CMA,-3.628171299435028,-0.961682824858757,3.2314768926553668,-1.293285536723164,3.0839287005649716,1.1314000564971751
1994-04-30,MOM,0.6688992090395476,-2.461061129943502,-0.3803460734463277,0.048589378531073577,1.1314000564971751,8.74150675141243
1994-05-31,Mkt_minus_RF,13.966629237288135,2.0078809322033897,-3.1988932203389826,1.059690254237288,-3.614195762711864,0.6475830508474573
1994-05-31,SMB,2.0078809322033897,6.382852514124294,-0.29285604519773994,-0.8828241525423728,-0.9824468361581922,-2.316518870056497
1994-05-31,HML,-3.1988932203389826,-0.29285604519773994,5.92072836158192,-1.5642067796610166,3.2302041807909605,-0.4003805649717514
1994-05-31,RMW,1.059690254237288,-0.8828241525423728,-1.5642067796610166,2.116456355932203,-1.2911228813559321,0.03616949152542381
1994-05-31,CMA,-3.614195762711864,-0.9824468361581922,3.2302041807909605,-1.2911228813559321,3.086504971751413,1.1059541242937854
1994-05-31,MOM,0.6475830508474573,-2.316518870056497,-0.4003805649717514,0.03616949152542381,1.1059541242937854,8.928547344632767
1994-06-30,Mkt_minus_RF,14.118598050847456,2.0031237288135593,-3.2226096610169486,1.0075033050847457,-3.6474102542372875,0.7442659322033892
1994-06-30,SMB,2.0031237288135593,6.367450847457627,-0.26774406779661003,-0.8916966101694916,-0.9681779661016949,-2.31285593220339
1994-06-30,HML,-3.2226096610169486,-0.26774406779661003,5.8862396610169485,-1.5395981355932202,3.214656101694915,-0.42595220338983053
1994-06-30,RMW,1.0075033050847457,-0.8916966101694916,-1.5395981355932202,2.1272796327683614,-1.2707791242937854,0.0074875141242936784
1994-06-30,CMA,-3.6474102542372875,-0.9681779661016949,3.214656101694915,-1.2707791242937854,3.082510141242938,1.0791321468926551
1994-06-30,MOM,0.7442659322033892,-2.31285593220339,-0.42595220338983053,0.0074875141242936784,1.0791321468926551,8.987179548022597
1994-07-31,Mkt_minus_RF,13.438287542372882,2.40439406779661,-2.861853305084746,0.782561186440678,-3.5595104237288138,0.20900635593220293
1994-07-31,SMB,2.40439406779661,6.1336175141242935,-0.49105903954802244,-0.7471384180790962,-1.0215731638418077,-1.9792093220338984
1994-07-31,HML,-2.861853305084746,-0.49105903954802244,5.733837598870057,-1.4642078531073446,3.1737671468926556,-0.20836906779661013
1994-07-31,RMW,0.782561186440678,-0.7471384180790962,-1.4642078531073446,2.1024283615819206,-1.248172485875706,-0.09473644067796616
1994-07-31,CMA,-3.5595104237288138,-1.0215731638418077,3.1737671468926556,-1.248172485875706,3.0719948870056495,1.138543644067797
1994-07-31,MOM,0.20900635593220293,-1.9792093220338984,-0.20836906779661013,-0.09473644067796616,1.138543644067797,8.678890254237286
1994-08-31,Mkt_minus_RF,13.639713107344633,2.4784419774011295,-3.035399774011299,0.8176177401129943,-3.648157966101695,0.26088497175141195
1994-08-31,SMB,2.4784419774011295,6.160747429378532,-0.5563544632768361,-0.7340626553672317,-1.0537589830508476,-1.958453615819209
1994-08-31,HML,-3.035399774011299,-0.5563544632768361,5.858896497175141,-1.4913334463276837,3.256729830508475,-0.22553062146892655
1994-08-31,RMW,0.8176177401129943,-0.7340626553672317,-1.4913334463276837,2.1081422598870057,-1.2644294915254237,-0.08917242937853112
1994-08-31,CMA,-3.648157966101695,-1.0537589830508476,3.256729830508475,-1.2644294915254237,3.1092366101694915,1.1083010169491527
1994-08-31,MOM,0.26088497175141195,-1.958453615819209,-0.22553062146892655,-0.08917242937853112,1.1083010169491527,8.661260903954803
1994-09-30,Mkt_minus_RF,13.74250788135593,2.3600042372881354,-2.9680737288135592,0.8312018644067795,-3.6757995762711864,0.29519313559321975
1994-09-30,SMB,2.3600042372881354,6.2854548022598875,-0.6427881355932202,-0.7345728813559322,-1.0222070621468926,-1.962714406779661
1994-09-30,HML,-2.9680737288135592,-0.6427881355932202,5.896310169491525,-1.471020338983051,3.2384025423728815,-0.1764686440677966
1994-09-30,RMW,0.8312018644067795,-0.7345728813559322,-1.471020338983051,2.090432881355932,-1.267700847457627,-0.13007067796610183
1994-09-30,CMA,-3.6757995762711864,-1.0222070621468926,3.2384025423728815,-1.267700847457627,3.116662005649718,1.0999639830508474
1994-09-30,MOM,0.29519313559321975,-1.962714406779661,-0.1764686440677966,-0.13007067796610183,1.0999639830508474,8.566886186440678
1994-10-31,Mkt_minus_RF,13.468189152542374,2.088071186440678,-3.0862183050847456,0.8117827118644068,-3.706156271186441,0.3243423728813553
1994-10-31,SMB,2.088071186440678,6.187827683615819,-0.6442618644067797,-0.7436508474576271,-1.0005228813559321,-1.9642655367231636
1994-10-31,HML,-3.0862183050847456,-0.6442618644067797,5.9232061864406775,-1.4725422033898306,3.2601522881355933,-0.18439237288135593
1994-10-31,RMW,0.8117827118644068,-0.7436508474576271,-1.4725422033898306,2.08966,-1.2667866101694918,-0.12980847457627118
1994-10-31,CMA,-3.706156271186441,-1.0005228813559321,3.2601522881355933,-1.2667866101694918,3.1288943220338985,1.0940211864406784
1994-10-31,MOM,0.3243423728813553,-1.9642655367231636,-0.18439237288135593,-0.12980847457627118,1.0940211864406784,8.5691802259887
1994-11-30,Mkt_minus_RF,13.804141101694915,2.1039957627118646,-3.0059245762711857,0.8202177966101695,-3.6662847457627117,0.3971271186440673
1994-11-30,SMB,2.1039957627118646,6.155110847457627,-0.6739572881355932,-0.7726854237288135,-0.9712694915254237,-1.925644406779661
1994-11-30,HML,-3.0059245762711857,-0.6739572881355932,5.908865423728813,-1.4999867796610171,3.297069491525424,-0.13179423728813552
1994-11-30,RMW,0.8202177966101695,-0.7726854237288135,-1.4999867796610171,2.063987683615819,-1.2417225988700564,-0.0970522033898305
1994-11-30,CMA,-3.6662847457627117,-0.9712694915254237,3.297069491525424,-1.2417225988700564,3.1112564971751415,1.0739067796610173
1994-11-30,MOM,0.3971271186440673,-1.925644406779661,-0.13179423728813552,-0.0970522033898305,1.0739067796610173,8.54799254237288
1994-12-31,Mkt_minus_RF,13.797988559322034,2.133704661016949,-3.008005508474576,0.8259296610169489,-3.6807220338983044,0.393054237288135
1994-12-31,SMB,2.133704661016949,6.057776581920905,-0.6744953954802259,-0.7911987005649718,-0.9204245197740112,-1.856643502824859
1994-12-31,HML,-3.008005508474576,-0.6744953954802259,5.910591497175141,-1.5001362146892654,3.296517401129943,-0.14449548022598868
1994-12-31,RMW,0.8259296610169489,-0.7911987005649718,-1.5001362146892654,2.0604676836158196,-1.2320290395480225,-0.0835717514124294
1994-12-31,CMA,-3.6807220338983044,-0.9204245197740112,3.296517401129943,-1.2320290395480225,3.0850978531073445,1.0441666666666667
1994-12-31,MOM,0.393054237288135,-1.856643502824859,-0.14449548022598868,-0.0835717514124294,1.0441666666666667,8.598066666666666
1995-01-31,Mkt_minus_RF,12.65048361581921,1.8584180790960454,-2.8637045197740107,0.5989186440677966,-3.5283587570621466,-0.270380225988701
1995-01-31,SMB,1.8584180790960454,6.195359209039548,-0.7868214124293783,-0.8171535593220339,-0.8428629378531074,-1.809465197740113
1995-01-31,HML,-2.8637045197740107,-0.7868214124293783,5.9984864124293775,-1.4921596610169492,3.247763107344633,-0.2099685310734463
1995-01-31,RMW,0.5989186440677966,-0.8171535593220339,-1.4921596610169492,2.0195484745762715,-1.1961461016949153,-0.18593423728813557
1995-01-31,CMA,-3.5283587570621466,-0.8428629378531074,3.247763107344633,-1.1961461016949153,3.0731266666666666,1.1738119774011302
1995-01-31,MOM,-0.270380225988701,-1.809465197740113,-0.2099685310734463,-0.18593423728813557,1.1738119774011302,8.423584293785309
1995-02-28,Mkt_minus_RF,12.803021920903953,1.8156157062146894,-2.8230734463276836,0.6118246327683615,-3.5445143502824856,-0.32828146892655424
1995-02-28,SMB,1.8156157062146894,6.1832104802259895,-0.8037930790960449,-0.8109756497175141,-0.823950649717514,-1.7663207344632768
1995-02-28,HML,-2.8230734463276836,-0.8037930790960449,6.008024717514124,-1.486462429378531,3.2467752824858755,-0.21918954802259885
1995-02-28,RMW,0.6118246327683615,-0.8109756497175141,-1.486462429378531,2.016665649717514,-1.2033453672316385,-0.201743163841808
1995-02-28,CMA,-3.5445143502824856,-0.823950649717514,3.2467752824858755,-1.2033453672316385,3.066279632768362,1.1639356497175144
1995-02-28,MOM,-0.32828146892655424,-1.7663207344632768,-0.21918954802259885,-0.201743163841808,1.1639356497175144,8.415616836158193
1995-03-31,Mkt_minus_RF,12.820127005649718,1.7679516384180793,-2.8216552542372884,0.562562033898305,-3.5182905084745757,-0.3600593220338988
1995-03-31,SMB,1.7679516384180793,6.148438531073446,-0.6976657627118643,-0.848187627118644,-0.7946893220338982,-1.7820550847457626
1995-03-31,HML,-2.8216552542372884,-0.6976657627118643,5.935838305084746,-1.3759391525423725,3.1817320338983053,-0.15332627118644063
1995-03-31,RMW,0.562562033898305,-0.848187627118644,-1.3759391525423725,1.976879406779661,-1.1723248305084744,-0.21879788135593214
1995-03-31,CMA,-3.5182905084745757,-0.7946893220338982,3.1817320338983053,-1.1723248305084744,3.0439946610169493,1.178896186440678
1995-03-31,MOM,-0.3600593220338988,-1.7820550847457626,-0.15332627118644063,-0.21879788135593214,1.178896186440678,8.409761440677968
1995-04-30,Mkt_minus_RF,12.582429237288137,1.7348199152542374,-2.9811711864406782,0.659166101694915,-3.577325,-0.24341737288135634
1995-04-30,SMB,1.7348199152542374,6.147202118644069,-0.7231610169491525,-0.8391440677966101,-0.8056207627118643,-1.7765995762711866
1995-04-30,HML,-2.9811711864406782,-0.7231610169491525,5.831933785310733,-1.306845536723164,3.1447211299435027,-0.06463220338983042
